        TIME,    TIDE,      OB,   SURGE,    BIAS,     TWL,SURGE90p,  TWL90p,SURGE10p,   TWL10p
202604271800,   1.741,   2.299,   0.700,  -0.142,   2.299,   0.600,   2.199,   0.700,   2.299
202604271806,   1.861,9999.000,9999.000,9999.000,9999.000,9999.000,9999.000,9999.000,9999.000
202604271812,   1.981,   2.587,9999.000,9999.000,9999.000,9999.000,9999.000,9999.000,9999.000
202604271818,   2.100,9999.000,9999.000,9999.000,9999.000,9999.000,9999.000,9999.000,9999.000
202604271824,   2.218,   2.860,9999.000,9999.000,9999.000,9999.000,9999.000,9999.000,9999.000
202604271830,   2.335,9999.000,9999.000,9999.000,9999.000,9999.000,9999.000,9999.000,9999.000
202604271836,   2.452,   3.178,9999.000,9999.000,9999.000,9999.000,9999.000,9999.000,9999.000
202604271842,   2.567,9999.000,9999.000,9999.000,9999.000,9999.000,9999.000,9999.000,9999.000
202604271848,   2.681,   3.499,9999.000,9999.000,9999.000,9999.000,9999.000,9999.000,9999.000
202604271854,   2.794,9999.000,9999.000,9999.000,9999.000,9999.000,9999.000,9999.000,9999.000
202604271900,   2.907,   3.808,   0.700,   0.201,   3.808,   0.600,   3.708,   0.700,   3.808
202604271906,   3.019,   3.958,9999.000,9999.000,9999.000,9999.000,9999.000,9999.000,9999.000
202604271912,   3.130,   4.099,9999.000,9999.000,9999.000,9999.000,9999.000,9999.000,9999.000
202604271918,   3.241,   4.257,9999.000,9999.000,9999.000,9999.000,9999.000,9999.000,9999.000
202604271924,   3.351,   4.388,9999.000,9999.000,9999.000,9999.000,9999.000,9999.000,9999.000
202604271930,   3.461,   4.519,9999.000,9999.000,9999.000,9999.000,9999.000,9999.000,9999.000
202604271936,   3.570,   4.647,9999.000,9999.000,9999.000,9999.000,9999.000,9999.000,9999.000
202604271942,   3.679,   4.759,9999.000,9999.000,9999.000,9999.000,9999.000,9999.000,9999.000
202604271948,   3.788,   4.857,9999.000,9999.000,9999.000,9999.000,9999.000,9999.000,9999.000
202604271954,   3.896,   4.979,9999.000,9999.000,9999.000,9999.000,9999.000,9999.000,9999.000
202604272000,   4.003,   5.067,   0.700,   0.364,   5.067,   0.700,   5.067,   0.700,   5.067
202604272006,   4.108,   5.169,9999.000,9999.000,9999.000,9999.000,9999.000,9999.000,9999.000
202604272012,   4.213,   5.238,9999.000,9999.000,9999.000,9999.000,9999.000,9999.000,9999.000
202604272018,   4.315,   5.339,9999.000,9999.000,9999.000,9999.000,9999.000,9999.000,9999.000
202604272024,   4.415,   5.418,9999.000,9999.000,9999.000,9999.000,9999.000,9999.000,9999.000
202604272030,   4.513,   5.516,9999.000,9999.000,9999.000,9999.000,9999.000,9999.000,9999.000
202604272036,   4.608,   5.628,9999.000,9999.000,9999.000,9999.000,9999.000,9999.000,9999.000
202604272042,   4.699,   5.697,9999.000,9999.000,9999.000,9999.000,9999.000,9999.000,9999.000
202604272048,   4.786,   5.779,9999.000,9999.000,9999.000,9999.000,9999.000,9999.000,9999.000
202604272054,   4.869,   5.848,9999.000,9999.000,9999.000,9999.000,9999.000,9999.000,9999.000
202604272100,   4.947,   5.907,   0.700,   0.260,   5.907,   0.700,   5.907,   0.800,   6.007
202604272106,   5.020,   5.969,9999.000,9999.000,9999.000,9999.000,9999.000,9999.000,9999.000
202604272112,   5.087,   6.028,9999.000,9999.000,9999.000,9999.000,9999.000,9999.000,9999.000
202604272118,   5.148,   6.077,9999.000,9999.000,9999.000,9999.000,9999.000,9999.000,9999.000
202604272124,   5.203,   6.117,9999.000,9999.000,9999.000,9999.000,9999.000,9999.000,9999.000
202604272130,   5.251,   6.159,9999.000,9999.000,9999.000,9999.000,9999.000,9999.000,9999.000
202604272136,   5.292,   6.199,9999.000,9999.000,9999.000,9999.000,9999.000,9999.000,9999.000
202604272142,   5.326,   6.238,9999.000,9999.000,9999.000,9999.000,9999.000,9999.000,9999.000
202604272148,   5.353,   6.258,9999.000,9999.000,9999.000,9999.000,9999.000,9999.000,9999.000
202604272154,   5.373,   6.287,9999.000,9999.000,9999.000,9999.000,9999.000,9999.000,9999.000
202604272200,   5.386,   6.307,   0.700,   0.221,   6.307,   0.700,   6.307,   0.800,   6.407
202604272206,   5.392,   6.307,9999.000,9999.000,9999.000,9999.000,9999.000,9999.000,9999.000
202604272212,   5.391,   6.297,9999.000,9999.000,9999.000,9999.000,9999.000,9999.000,9999.000
202604272218,   5.383,   6.287,9999.000,9999.000,9999.000,9999.000,9999.000,9999.000,9999.000
202604272224,   5.368,   6.258,9999.000,9999.000,9999.000,9999.000,9999.000,9999.000,9999.000
202604272230,   5.348,   6.218,9999.000,9999.000,9999.000,9999.000,9999.000,9999.000,9999.000
202604272236,   5.321,   6.179,9999.000,9999.000,9999.000,9999.000,9999.000,9999.000,9999.000
202604272242,   5.288,   6.136,9999.000,9999.000,9999.000,9999.000,9999.000,9999.000,9999.000
202604272248,   5.250,   6.087,9999.000,9999.000,9999.000,9999.000,9999.000,9999.000,9999.000
202604272254,   5.207,   6.048,9999.000,9999.000,9999.000,9999.000,9999.000,9999.000,9999.000
202604272300,   5.159,   5.979,   0.800,   0.020,   5.979,   0.700,   5.879,   0.800,   5.979
202604272306,   5.106,   5.897,9999.000,9999.000,9999.000,9999.000,9999.000,9999.000,9999.000
202604272312,   5.049,   5.818,9999.000,9999.000,9999.000,9999.000,9999.000,9999.000,9999.000
202604272318,   4.988,   5.730,9999.000,9999.000,9999.000,9999.000,9999.000,9999.000,9999.000
202604272324,   4.923,   5.638,9999.000,9999.000,9999.000,9999.000,9999.000,9999.000,9999.000
202604272330,   4.855,   5.530,9999.000,9999.000,9999.000,9999.000,9999.000,9999.000,9999.000
202604272336,   4.784,   5.438,9999.000,9999.000,9999.000,9999.000,9999.000,9999.000,9999.000
202604272342,   4.709,   5.329,9999.000,9999.000,9999.000,9999.000,9999.000,9999.000,9999.000
202604272348,   4.632,   5.218,9999.000,9999.000,9999.000,9999.000,9999.000,9999.000,9999.000
202604272354,   4.552,   5.077,9999.000,9999.000,9999.000,9999.000,9999.000,9999.000,9999.000
202604280000,   4.469,   4.959,   0.600,  -0.110,   4.959,   0.600,   4.959,   0.700,   5.059
202604280006,   4.385,   4.837,9999.000,9999.000,9999.000,9999.000,9999.000,9999.000,9999.000
202604280012,   4.298,   4.700,9999.000,9999.000,9999.000,9999.000,9999.000,9999.000,9999.000
202604280018,   4.208,   4.578,9999.000,9999.000,9999.000,9999.000,9999.000,9999.000,9999.000
202604280024,   4.117,   4.447,9999.000,9999.000,9999.000,9999.000,9999.000,9999.000,9999.000
202604280030,   4.024,   4.319,9999.000,9999.000,9999.000,9999.000,9999.000,9999.000,9999.000
202604280036,   3.929,   4.208,9999.000,9999.000,9999.000,9999.000,9999.000,9999.000,9999.000
202604280042,   3.832,   4.070,9999.000,9999.000,9999.000,9999.000,9999.000,9999.000,9999.000
202604280048,   3.734,   3.929,9999.000,9999.000,9999.000,9999.000,9999.000,9999.000,9999.000
202604280054,   3.633,   3.808,9999.000,9999.000,9999.000,9999.000,9999.000,9999.000,9999.000
202604280100,   3.532,   3.660,   0.600,  -0.472,   3.660,   0.600,   3.660,   0.700,   3.760
202604280106,   3.428,   3.529,9999.000,9999.000,9999.000,9999.000,9999.000,9999.000,9999.000
202604280112,   3.323,   3.398,9999.000,9999.000,9999.000,9999.000,9999.000,9999.000,9999.000
202604280118,   3.217,   3.270,9999.000,9999.000,9999.000,9999.000,9999.000,9999.000,9999.000
202604280124,   3.109,   3.148,9999.000,9999.000,9999.000,9999.000,9999.000,9999.000,9999.000
202604280130,   3.000,   3.040,9999.000,9999.000,9999.000,9999.000,9999.000,9999.000,9999.000
202604280136,   2.890,   2.938,9999.000,9999.000,9999.000,9999.000,9999.000,9999.000,9999.000
202604280142,   2.779,   2.840,9999.000,9999.000,9999.000,9999.000,9999.000,9999.000,9999.000
202604280148,   2.667,   2.748,9999.000,9999.000,9999.000,9999.000,9999.000,9999.000,9999.000
202604280154,   2.554,   2.660,9999.000,9999.000,9999.000,9999.000,9999.000,9999.000,9999.000
202604280200,   2.441,   2.578,   0.600,  -0.463,   2.578,   0.600,   2.578,   0.700,   2.678
202604280206,   2.327,   2.489,9999.000,9999.000,9999.000,9999.000,9999.000,9999.000,9999.000
202604280212,   2.213,   2.410,9999.000,9999.000,9999.000,9999.000,9999.000,9999.000,9999.000
202604280218,   2.099,   2.318,9999.000,9999.000,9999.000,9999.000,9999.000,9999.000,9999.000
202604280224,   1.985,   2.240,9999.000,9999.000,9999.000,9999.000,9999.000,9999.000,9999.000
202604280230,   1.873,   2.158,9999.000,9999.000,9999.000,9999.000,9999.000,9999.000,9999.000
202604280236,   1.761,   2.079,9999.000,9999.000,9999.000,9999.000,9999.000,9999.000,9999.000
202604280242,   1.651,   1.990,9999.000,9999.000,9999.000,9999.000,9999.000,9999.000,9999.000
202604280248,   1.543,   1.908,9999.000,9999.000,9999.000,9999.000,9999.000,9999.000,9999.000
202604280254,   1.437,   1.830,9999.000,9999.000,9999.000,9999.000,9999.000,9999.000,9999.000
202604280300,   1.335,   1.758,   0.600,  -0.177,   1.758,   0.600,   1.758,   0.700,   1.858
202604280306,   1.236,   1.689,9999.000,9999.000,9999.000,9999.000,9999.000,9999.000,9999.000
202604280312,   1.140,   1.620,9999.000,9999.000,9999.000,9999.000,9999.000,9999.000,9999.000
202604280318,   1.050,   1.557,9999.000,9999.000,9999.000,9999.000,9999.000,9999.000,9999.000
202604280324,   0.965,   1.498,9999.000,9999.000,9999.000,9999.000,9999.000,9999.000,9999.000
202604280330,   0.885,   1.449,9999.000,9999.000,9999.000,9999.000,9999.000,9999.000,9999.000
202604280336,   0.812,   1.410,9999.000,9999.000,9999.000,9999.000,9999.000,9999.000,9999.000
202604280342,   0.745,   1.380,9999.000,9999.000,9999.000,9999.000,9999.000,9999.000,9999.000
202604280348,   0.686,   1.348,9999.000,9999.000,9999.000,9999.000,9999.000,9999.000,9999.000
202604280354,   0.635,   1.308,9999.000,9999.000,9999.000,9999.000,9999.000,9999.000,9999.000
202604280400,   0.593,   1.289,   0.600,   0.096,   1.289,   0.600,   1.289,   0.700,   1.389
202604280406,   0.558,   1.269,9999.000,9999.000,9999.000,9999.000,9999.000,9999.000,9999.000
202604280412,   0.533,   1.249,9999.000,9999.000,9999.000,9999.000,9999.000,9999.000,9999.000
202604280418,   0.517,   1.249,9999.000,9999.000,9999.000,9999.000,9999.000,9999.000,9999.000
202604280424,   0.511,   1.249,9999.000,9999.000,9999.000,9999.000,9999.000,9999.000,9999.000
202604280430,   0.514,   1.249,9999.000,9999.000,9999.000,9999.000,9999.000,9999.000,9999.000
202604280436,   0.526,   1.259,9999.000,9999.000,9999.000,9999.000,9999.000,9999.000,9999.000
202604280442,   0.548,   1.269,9999.000,9999.000,9999.000,9999.000,9999.000,9999.000,9999.000
202604280448,   0.579,   1.269,9999.000,9999.000,9999.000,9999.000,9999.000,9999.000,9999.000
202604280454,   0.618,   1.279,9999.000,9999.000,9999.000,9999.000,9999.000,9999.000,9999.000
202604280500,   0.667,   1.298,   0.600,   0.031,   1.298,   0.600,   1.298,   0.700,   1.398
202604280506,   0.723,   1.318,9999.000,9999.000,9999.000,9999.000,9999.000,9999.000,9999.000
202604280512,   0.787,   1.361,9999.000,9999.000,9999.000,9999.000,9999.000,9999.000,9999.000
202604280518,   0.858,   1.410,9999.000,9999.000,9999.000,9999.000,9999.000,9999.000,9999.000
202604280524,   0.935,   1.469,9999.000,9999.000,9999.000,9999.000,9999.000,9999.000,9999.000
202604280530,   1.018,   1.528,9999.000,9999.000,9999.000,9999.000,9999.000,9999.000,9999.000
202604280536,   1.106,   1.610,9999.000,9999.000,9999.000,9999.000,9999.000,9999.000,9999.000
202604280542,   1.199,   1.699,9999.000,9999.000,9999.000,9999.000,9999.000,9999.000,9999.000
202604280548,   1.295,   1.800,9999.000,9999.000,9999.000,9999.000,9999.000,9999.000,9999.000
202604280554,   1.394,   1.899,9999.000,9999.000,9999.000,9999.000,9999.000,9999.000,9999.000
202604280600,   1.496,   2.010,   0.600,  -0.086,   2.010,   0.500,   1.910,   0.600,   2.010
202604280606,   1.599,   2.128,9999.000,9999.000,9999.000,9999.000,9999.000,9999.000,9999.000
202604280612,   1.704,   2.250,9999.000,9999.000,9999.000,9999.000,9999.000,9999.000,9999.000
202604280618,   1.810,   2.377,9999.000,9999.000,9999.000,9999.000,9999.000,9999.000,9999.000
202604280624,   1.915,   2.519,9999.000,9999.000,9999.000,9999.000,9999.000,9999.000,9999.000
202604280630,   2.021,   2.640,9999.000,9999.000,9999.000,9999.000,9999.000,9999.000,9999.000
202604280636,   2.127,   2.778,9999.000,9999.000,9999.000,9999.000,9999.000,9999.000,9999.000
202604280642,   2.231,   2.919,9999.000,9999.000,9999.000,9999.000,9999.000,9999.000,9999.000
202604280648,   2.336,   3.070,9999.000,9999.000,9999.000,9999.000,9999.000,9999.000,9999.000
202604280654,   2.439,   3.207,9999.000,9999.000,9999.000,9999.000,9999.000,9999.000,9999.000
202604280700,   2.541,   3.348,   0.600,   0.207,   3.348,   0.500,   3.248,   0.600,   3.348
202604280706,   2.643,   3.499,9999.000,9999.000,9999.000,9999.000,9999.000,9999.000,9999.000
202604280712,   2.744,   3.650,9999.000,9999.000,9999.000,9999.000,9999.000,9999.000,9999.000
202604280718,   2.843,   3.808,9999.000,9999.000,9999.000,9999.000,9999.000,9999.000,9999.000
202604280724,   2.943,   3.958,9999.000,9999.000,9999.000,9999.000,9999.000,9999.000,9999.000
202604280730,   3.041,   4.099,9999.000,9999.000,9999.000,9999.000,9999.000,9999.000,9999.000
202604280736,   3.140,   4.227,9999.000,9999.000,9999.000,9999.000,9999.000,9999.000,9999.000
202604280742,   3.238,   4.359,9999.000,9999.000,9999.000,9999.000,9999.000,9999.000,9999.000
202604280748,   3.335,   4.480,9999.000,9999.000,9999.000,9999.000,9999.000,9999.000,9999.000
202604280754,   3.433,   4.598,9999.000,9999.000,9999.000,9999.000,9999.000,9999.000,9999.000
202604280800,   3.530,   4.710,   0.600,   0.580,   4.710,   0.600,   4.710,   0.600,   4.710
202604280806,   3.627,   4.818,9999.000,9999.000,9999.000,9999.000,9999.000,9999.000,9999.000
202604280812,   3.723,   4.929,9999.000,9999.000,9999.000,9999.000,9999.000,9999.000,9999.000
202604280818,   3.819,   5.018,9999.000,9999.000,9999.000,9999.000,9999.000,9999.000,9999.000
202604280824,   3.915,   5.110,9999.000,9999.000,9999.000,9999.000,9999.000,9999.000,9999.000
202604280830,   4.009,   5.198,9999.000,9999.000,9999.000,9999.000,9999.000,9999.000,9999.000
202604280836,   4.102,   5.277,9999.000,9999.000,9999.000,9999.000,9999.000,9999.000,9999.000
202604280842,   4.194,   5.349,9999.000,9999.000,9999.000,9999.000,9999.000,9999.000,9999.000
202604280848,   4.283,   5.428,9999.000,9999.000,9999.000,9999.000,9999.000,9999.000,9999.000
202604280854,   4.370,   5.487,9999.000,9999.000,9999.000,9999.000,9999.000,9999.000,9999.000
202604280900,   4.454,   5.569,   0.600,   0.515,   5.569,   0.500,   5.469,   0.600,   5.569
202604280906,   4.535,   5.608,9999.000,9999.000,9999.000,9999.000,9999.000,9999.000,9999.000
202604280912,   4.612,   5.648,9999.000,9999.000,9999.000,9999.000,9999.000,9999.000,9999.000
202604280918,   4.684,   5.697,9999.000,9999.000,9999.000,9999.000,9999.000,9999.000,9999.000
202604280924,   4.752,   5.759,9999.000,9999.000,9999.000,9999.000,9999.000,9999.000,9999.000
202604280930,   4.815,   5.799,9999.000,9999.000,9999.000,9999.000,9999.000,9999.000,9999.000
202604280936,   4.872,   5.838,9999.000,9999.000,9999.000,9999.000,9999.000,9999.000,9999.000
202604280942,   4.923,   5.858,9999.000,9999.000,9999.000,9999.000,9999.000,9999.000,9999.000
202604280948,   4.967,   5.877,9999.000,9999.000,9999.000,9999.000,9999.000,9999.000,9999.000
202604280954,   5.005,   5.887,9999.000,9999.000,9999.000,9999.000,9999.000,9999.000,9999.000
202604281000,   5.036,   5.897,   0.600,   0.261,   5.897,   0.500,   5.797,   0.600,   5.897
202604281006,   5.060,   5.897,9999.000,9999.000,9999.000,9999.000,9999.000,9999.000,9999.000
202604281012,   5.077,   5.887,9999.000,9999.000,9999.000,9999.000,9999.000,9999.000,9999.000
202604281018,   5.086,   5.887,9999.000,9999.000,9999.000,9999.000,9999.000,9999.000,9999.000
202604281024,   5.089,   5.887,9999.000,9999.000,9999.000,9999.000,9999.000,9999.000,9999.000
202604281030,   5.084,   5.867,9999.000,9999.000,9999.000,9999.000,9999.000,9999.000,9999.000
202604281036,   5.072,   5.828,9999.000,9999.000,9999.000,9999.000,9999.000,9999.000,9999.000
202604281042,   5.054,   5.808,9999.000,9999.000,9999.000,9999.000,9999.000,9999.000,9999.000
202604281048,   5.028,   5.779,9999.000,9999.000,9999.000,9999.000,9999.000,9999.000,9999.000
202604281054,   4.997,   5.739,9999.000,9999.000,9999.000,9999.000,9999.000,9999.000,9999.000
202604281100,   4.959,   5.707,   0.600,   0.148,   5.707,   0.500,   5.607,   0.600,   5.707
202604281106,   4.915,   5.667,9999.000,9999.000,9999.000,9999.000,9999.000,9999.000,9999.000
202604281112,   4.866,   5.618,9999.000,9999.000,9999.000,9999.000,9999.000,9999.000,9999.000
202604281118,   4.811,   5.569,9999.000,9999.000,9999.000,9999.000,9999.000,9999.000,9999.000
202604281124,   4.752,   5.516,9999.000,9999.000,9999.000,9999.000,9999.000,9999.000,9999.000
202604281130,   4.688,   5.448,9999.000,9999.000,9999.000,9999.000,9999.000,9999.000,9999.000
202604281136,   4.619,   5.359,9999.000,9999.000,9999.000,9999.000,9999.000,9999.000,9999.000
202604281142,   4.547,   5.257,9999.000,9999.000,9999.000,9999.000,9999.000,9999.000,9999.000
202604281148,   4.471,   5.159,9999.000,9999.000,9999.000,9999.000,9999.000,9999.000,9999.000
202604281154,   4.392,   5.057,9999.000,9999.000,9999.000,9999.000,9999.000,9999.000,9999.000
202604281200,   4.309,   4.949,   0.700,  -0.060,   4.949,   0.600,   4.849,   0.700,   4.949
202604281206,   4.224,   4.847,9999.000,9999.000,9999.000,9999.000,9999.000,9999.000,9999.000
202604281212,   4.136,   4.739,9999.000,9999.000,9999.000,9999.000,9999.000,9999.000,9999.000
202604281218,   4.046,   4.618,9999.000,9999.000,9999.000,9999.000,9999.000,9999.000,9999.000
202604281224,   3.954,   4.509,9999.000,9999.000,9999.000,9999.000,9999.000,9999.000,9999.000
202604281230,   3.859,   4.408,9999.000,9999.000,9999.000,9999.000,9999.000,9999.000,9999.000
202604281236,   3.763,   4.300,9999.000,9999.000,9999.000,9999.000,9999.000,9999.000,9999.000
202604281242,   3.665,   4.188,9999.000,9999.000,9999.000,9999.000,9999.000,9999.000,9999.000
202604281248,   3.565,   4.090,9999.000,9999.000,9999.000,9999.000,9999.000,9999.000,9999.000
202604281254,   3.464,   3.978,9999.000,9999.000,9999.000,9999.000,9999.000,9999.000,9999.000
202604281300,   3.362,   3.870,   0.700,  -0.192,   3.870,   0.600,   3.770,   0.700,   3.870
202604281306,   3.258,   3.739,9999.000,9999.000,9999.000,9999.000,9999.000,9999.000,9999.000
202604281312,   3.153,   3.607,9999.000,9999.000,9999.000,9999.000,9999.000,9999.000,9999.000
202604281318,   3.048,   3.480,9999.000,9999.000,9999.000,9999.000,9999.000,9999.000,9999.000
202604281324,   2.941,   3.358,9999.000,9999.000,9999.000,9999.000,9999.000,9999.000,9999.000
202604281330,   2.833,   3.240,9999.000,9999.000,9999.000,9999.000,9999.000,9999.000,9999.000
202604281336,   2.725,   3.138,9999.000,9999.000,9999.000,9999.000,9999.000,9999.000,9999.000
202604281342,   2.616,   3.030,9999.000,9999.000,9999.000,9999.000,9999.000,9999.000,9999.000
202604281348,   2.506,   2.919,9999.000,9999.000,9999.000,9999.000,9999.000,9999.000,9999.000
202604281354,   2.396,   2.830,9999.000,9999.000,9999.000,9999.000,9999.000,9999.000,9999.000
202604281400,   2.285,   2.728,   0.700,  -0.257,   2.728,   0.600,   2.628,   0.700,   2.728
202604281406,   2.174,   2.630,9999.000,9999.000,9999.000,9999.000,9999.000,9999.000,9999.000
202604281412,   2.063,   2.538,9999.000,9999.000,9999.000,9999.000,9999.000,9999.000,9999.000
202604281418,   1.952,   2.459,9999.000,9999.000,9999.000,9999.000,9999.000,9999.000,9999.000
202604281424,   1.841,   2.400,9999.000,9999.000,9999.000,9999.000,9999.000,9999.000,9999.000
202604281430,   1.731,   2.338,9999.000,9999.000,9999.000,9999.000,9999.000,9999.000,9999.000
202604281436,   1.621,   2.279,9999.000,9999.000,9999.000,9999.000,9999.000,9999.000,9999.000
202604281442,   1.512,   2.200,9999.000,9999.000,9999.000,9999.000,9999.000,9999.000,9999.000
202604281448,   1.404,   2.128,9999.000,9999.000,9999.000,9999.000,9999.000,9999.000,9999.000
202604281454,   1.297,   2.059,9999.000,9999.000,9999.000,9999.000,9999.000,9999.000,9999.000
202604281500,   1.192,   1.981,   0.700,   0.089,   1.981,   0.600,   1.881,   0.700,   1.981
202604281506,   1.089,   1.889,9999.000,9999.000,9999.000,9999.000,9999.000,9999.000,9999.000
202604281512,   0.989,   1.830,9999.000,9999.000,9999.000,9999.000,9999.000,9999.000,9999.000
202604281518,   0.892,   1.758,9999.000,9999.000,9999.000,9999.000,9999.000,9999.000,9999.000
202604281524,   0.798,   1.699,9999.000,9999.000,9999.000,9999.000,9999.000,9999.000,9999.000
202604281530,   0.708,   1.620,9999.000,9999.000,9999.000,9999.000,9999.000,9999.000,9999.000
202604281536,   0.622,   1.538,9999.000,9999.000,9999.000,9999.000,9999.000,9999.000,9999.000
202604281542,   0.541,   1.449,9999.000,9999.000,9999.000,9999.000,9999.000,9999.000,9999.000
202604281548,   0.466,   1.380,9999.000,9999.000,9999.000,9999.000,9999.000,9999.000,9999.000
202604281554,   0.397,   1.308,9999.000,9999.000,9999.000,9999.000,9999.000,9999.000,9999.000
202604281600,   0.334,   1.249,   0.700,   0.215,   1.249,   0.700,   1.249,   0.800,   1.349
202604281606,   0.279,   1.210,9999.000,9999.000,9999.000,9999.000,9999.000,9999.000,9999.000
202604281612,   0.230,   1.170,9999.000,9999.000,9999.000,9999.000,9999.000,9999.000,9999.000
202604281618,   0.190,   1.151,9999.000,9999.000,9999.000,9999.000,9999.000,9999.000,9999.000
202604281624,   0.159,   1.128,9999.000,9999.000,9999.000,9999.000,9999.000,9999.000,9999.000
202604281630,   0.136,   1.128,9999.000,9999.000,9999.000,9999.000,9999.000,9999.000,9999.000
202604281636,   0.122,   1.118,9999.000,9999.000,9999.000,9999.000,9999.000,9999.000,9999.000
202604281642,   0.117,   1.108,9999.000,9999.000,9999.000,9999.000,9999.000,9999.000,9999.000
202604281648,   0.122,   1.098,9999.000,9999.000,9999.000,9999.000,9999.000,9999.000,9999.000
202604281654,   0.137,   1.079,9999.000,9999.000,9999.000,9999.000,9999.000,9999.000,9999.000
202604281700,   0.161,   1.069,   0.700,   0.208,   1.069,   0.700,   1.069,   0.800,   1.169
202604281706,   0.194,   1.079,9999.000,9999.000,9999.000,9999.000,9999.000,9999.000,9999.000
202604281712,   0.237,   1.079,9999.000,9999.000,9999.000,9999.000,9999.000,9999.000,9999.000
202604281718,   0.289,   1.098,9999.000,9999.000,9999.000,9999.000,9999.000,9999.000,9999.000
202604281724,   0.349,   1.118,9999.000,9999.000,9999.000,9999.000,9999.000,9999.000,9999.000
202604281730,   0.418,   1.161,9999.000,9999.000,9999.000,9999.000,9999.000,9999.000,9999.000
202604281736,   0.494,   1.210,9999.000,9999.000,9999.000,9999.000,9999.000,9999.000,9999.000
202604281742,   0.578,   1.259,9999.000,9999.000,9999.000,9999.000,9999.000,9999.000,9999.000
202604281748,   0.668,   1.318,9999.000,9999.000,9999.000,9999.000,9999.000,9999.000,9999.000
202604281754,   0.765,   1.371,9999.000,9999.000,9999.000,9999.000,9999.000,9999.000,9999.000
202604281800,   0.866,   1.459,   0.800,  -0.207,   1.459,   0.700,   1.359,   0.800,   1.459
202604281806,   0.973,   1.538,9999.000,9999.000,9999.000,9999.000,9999.000,9999.000,9999.000
202604281812,   1.083,   1.649,9999.000,9999.000,9999.000,9999.000,9999.000,9999.000,9999.000
202604281818,   1.197,   1.748,9999.000,9999.000,9999.000,9999.000,9999.000,9999.000,9999.000
202604281824,   1.314,   1.859,9999.000,9999.000,9999.000,9999.000,9999.000,9999.000,9999.000
202604281830,   1.433,   1.981,9999.000,9999.000,9999.000,9999.000,9999.000,9999.000,9999.000
202604281836,   1.553,   2.099,9999.000,9999.000,9999.000,9999.000,9999.000,9999.000,9999.000
202604281842,   1.674,   2.240,9999.000,9999.000,9999.000,9999.000,9999.000,9999.000,9999.000
202604281848,   1.797,   2.410,9999.000,9999.000,9999.000,9999.000,9999.000,9999.000,9999.000
